00000000000000000000010000000000
00000000000000000000000010011110
00000000000000000000010000000001
00000000000000000000010000000010
00000000000000000000010000000011
00000000000000000000010000000100
00000000000000000000010000000101
00000000000000000000010000000111
00000000000000000000010000001000
00000000000000000000010000001001
00000000000000000000010000001010
00000000000000000000010000001011
00000000000000000000010000001100
00000000000000000000010000001101
00000000000000000000010000001110
00000000000000000000010000010100
00000000000000000000010000010100
00000000000000000000110000010010
00000000000000000000010000011000
00000000000000000000010000110000