00001100000000110000001111101000
00000100000001000000000000000000
00000100000000100000000000000000
00001000010000010000000001010000
00010100000000010000000000001010
00000100000000000000000000000000
00001100010001010000001111101000
00000000101000110000100000010000
00010100000000010000000000000011
00000100000000000000000000000000
00000100101000110000000000000000
00000100010001000000000000000000
00000100010000100000000000000100
00011000000000000000000000000011
00000100000000000000000000000000
00010000000000110000011111010000
00000000100001000010000000100000
00010000000001000000011111010100